2001 1 1 4120
2001 1 2 4120
2001 1 3 4120
2001 1 4 4120
2001 1 5 4120
2001 1 6 4230
2001 1 7 4370
2001 1 8 4410
2001 1 9 4370
2001 1 10 4340
2001 1 11 4270
2001 1 12 4160
2001 1 13 4020
2001 1 14 3880
2001 1 15 3820
2001 1 16 3780
2001 1 17 3710
2001 1 18 3580
2001 1 19 3450
2001 1 20 3350
2001 1 21 3250
2001 1 22 3250
2001 1 23 3250
2001 1 24 3250
2001 1 25 3190
2001 1 26 3190
2001 1 27 3130
2001 1 28 3090
2001 1 29 3060
2001 1 30 3000
2001 1 31 2970
2001 2 1 2970
2001 2 2 3000
2001 2 3 3030
2001 2 4 3000
2001 2 5 2940
2001 2 6 2880
2001 2 7 2810
2001 2 8 2780
2001 2 9 2750
2001 2 10 2690
2001 2 11 2630
2001 2 12 2600
2001 2 13 2600
2001 2 14 2570
2001 2 15 2540
2001 2 16 2510
2001 2 17 2450
2001 2 18 2450
2001 2 19 2430
2001 2 20 2400
2001 2 21 2340
2001 2 22 2340
2001 2 23 2340
2001 2 24 2280
2001 2 25 2280
2001 2 26 2280
2001 2 27 2280
2001 2 28 2280
2001 3 1 2230
2001 3 2 2140
2001 3 3 2090
2001 3 4 2060
2001 3 5 2010
2001 3 6 2030
2001 3 7 2030
2001 3 8 2060
2001 3 9 2060
2001 3 10 2110
2001 3 11 2170
2001 3 12 2230
2001 3 13 2280
2001 3 14 2280
2001 3 15 2230
2001 3 16 2200
2001 3 17 2170
2001 3 18 2170
2001 3 19 2110
2001 3 20 2230
2001 3 21 2230
2001 3 22 2170
2001 3 23 2200
2001 3 24 2280
2001 3 25 2280
2001 3 26 2280
2001 3 27 2200
2001 3 28 2110
2001 3 29 2060
2001 3 30 2010
2001 3 31 1920
2001 4 1 1870
2001 4 2 1840
2001 4 3 1790
2001 4 4 1740
2001 4 5 1690
2001 4 6 1640
2001 4 7 1590
2001 4 8 1590
2001 4 9 1590
2001 4 10 1560
2001 4 11 1560
2001 4 12 1590
2001 4 13 1690
2001 4 14 1640
2001 4 15 1540
2001 4 16 1410
2001 4 17 1340
2001 4 18 1320
2001 4 19 1390
2001 4 20 1390
2001 4 21 1490
2001 4 22 1640
2001 4 23 1740
2001 4 24 1840
2001 4 25 1950
2001 4 26 2060
2001 4 27 2230
2001 4 28 2400
2001 4 29 2400
2001 4 30 2430
2001 5 1 -999
2001 5 2 -999
2001 5 3 -999
2001 5 4 -999
2001 5 5 2280
2001 5 6 2280
2001 5 7 2230
2001 5 8 2170
2001 5 9 2110
2001 5 10 2170
2001 5 11 2250
2001 5 12 2200
2001 5 13 2480
2001 5 14 -999
2001 5 15 -999
2001 5 16 -999
2001 5 17 2630
2001 5 18 2750
2001 5 19 3000
2001 5 20 3480
2001 5 21 3710
2001 5 22 3820
2001 5 23 4050
2001 5 24 4370
2001 5 25 4340
2001 5 26 4520
2001 5 27 4840
2001 5 28 4990
2001 5 29 5760
2001 5 30 6520
2001 5 31 6720
2001 6 1 6890
2001 6 2 7020
2001 6 3 6890
2001 6 4 6640
2001 6 5 6400
2001 6 6 6070
2001 6 7 5720
2001 6 8 5370
2001 6 9 5070
2001 6 10 4840
2001 6 11 4810
2001 6 12 4880
2001 6 13 5140
2001 6 14 5600
2001 6 15 6520
2001 6 16 7780
2001 6 17 8720
2001 6 18 9040
2001 6 19 8810
2001 6 20 8490
2001 6 21 8180
2001 6 22 8090
2001 6 23 8000
2001 6 24 8000
2001 6 25 8270
2001 6 26 8050
2001 6 27 8990
2001 6 28 9640
2001 6 29 9870
2001 6 30 11000
2001 7 1 11700
2001 7 2 12100
2001 7 3 14200
2001 7 4 17400
2001 7 5 18700
2001 7 6 17800
2001 7 7 16700
2001 7 8 15600
2001 7 9 15000
2001 7 10 15500
2001 7 11 17200
2001 7 12 19700
2001 7 13 21100
2001 7 14 21400
2001 7 15 22800
2001 7 16 27800
2001 7 17 31500
2001 7 18 33000
2001 7 19 33600
2001 7 20 33500
2001 7 21 32500
2001 7 22 32000
2001 7 23 30800
2001 7 24 28800
2001 7 25 33400
2001 7 26 24200
2001 7 27 22400
2001 7 28 21800
2001 7 29 20800
2001 7 30 21100
2001 7 31 21000
2001 8 1 21400
2001 8 2 25600
2001 8 3 28600
2001 8 4 29300
2001 8 5 29600
2001 8 6 30300
2001 8 7 33200
2001 8 8 34300
2001 8 9 32700
2001 8 10 31900
2001 8 11 30300
2001 8 12 29000
2001 8 13 28300
2001 8 14 29800
2001 8 15 31000
2001 8 16 31500
2001 8 17 31000
2001 8 18 30900
2001 8 19 32000
2001 8 20 34600
2001 8 21 38000
2001 8 22 40300
2001 8 23 39100
2001 8 24 35600
2001 8 25 33300
2001 8 26 31700
2001 8 27 31500
2001 8 28 32300
2001 8 29 32300
2001 8 30 32000
2001 8 31 31700
2001 9 1 31400
2001 9 2 32100
2001 9 3 32800
2001 9 4 31700
2001 9 5 30800
2001 9 6 30700
2001 9 7 32600
2001 9 8 37500
2001 9 9 37800
2001 9 10 36900
2001 9 11 35400
2001 9 12 34900
2001 9 13 34900
2001 9 14 38300
2001 9 15 39800
2001 9 16 38600
2001 9 17 37200
2001 9 18 35600
2001 9 19 33800
2001 9 20 33700
2001 9 21 32300
2001 9 22 30400
2001 9 23 30000
2001 9 24 29200
2001 9 25 27700
2001 9 26 26600
2001 9 27 25900
2001 9 28 24900
2001 9 29 23800
2001 9 30 22600
2001 10 1 22600
2001 10 2 21900
2001 10 3 20800
2001 10 4 20600
2001 10 5 21800
2001 10 6 23000
2001 10 7 22300
2001 10 8 22300
2001 10 9 22900
2001 10 10 22200
2001 10 11 19700
2001 10 12 17500
2001 10 13 16300
2001 10 14 15700
2001 10 15 15200
2001 10 16 14800
2001 10 17 14500
2001 10 18 15100
2001 10 19 14600
2001 10 20 14300
2001 10 21 13800
2001 10 22 13500
2001 10 23 13200
2001 10 24 13500
2001 10 25 13400
2001 10 26 13500
2001 10 27 13500
2001 10 28 12800
2001 10 29 11900
2001 10 30 11200
2001 10 31 10700
2001 11 1 10400
2001 11 2 10300
2001 11 3 10400
2001 11 4 10400
2001 11 5 10300
2001 11 6 10200
2001 11 7 10100
2001 11 8 9870
2001 11 9 9690
2001 11 10 9550
2001 11 11 9500
2001 11 12 9450
2001 11 13 9270
2001 11 14 8940
2001 11 15 8580
2001 11 16 8180
2001 11 17 7920
2001 11 18 7570
2001 11 19 7310
2001 11 20 7140
2001 11 21 6930
2001 11 22 6810
2001 11 23 -999
2001 11 24 -999
2001 11 25 6480
2001 11 26 6560
2001 11 27 6810
2001 11 28 6720
2001 11 29 6400
2001 11 30 6270
2001 12 1 6350
2001 12 2 6640
2001 12 3 6640
2001 12 4 6400
2001 12 5 6190
2001 12 6 5990
2001 12 7 5910
2001 12 8 6070
2001 12 9 6400
2001 12 10 6400
2001 12 11 6310
2001 12 12 6270
2001 12 13 6400
2001 12 14 6680
2001 12 15 6520
2001 12 16 6230
2001 12 17 6070
2001 12 18 6110
2001 12 19 6310
2001 12 20 6070
2001 12 21 5760
2001 12 22 5520
2001 12 23 5410
2001 12 24 5290
2001 12 25 5180
2001 12 26 5100
2001 12 27 4950
2001 12 28 4880
2001 12 29 4770
2001 12 30 4700
2001 12 31 4620