2000 1 1 4550
2000 1 2 4480
2000 1 3 4410
2000 1 4 4370
2000 1 5 4340
2000 1 6 4270
2000 1 7 4200
2000 1 8 4120
2000 1 9 4050
2000 1 10 3990
2000 1 11 3920
2000 1 12 3850
2000 1 13 3750
2000 1 14 3710
2000 1 15 3650
2000 1 16 3580
2000 1 17 3550
2000 1 18 3510
2000 1 19 3450
2000 1 20 3380
2000 1 21 3350
2000 1 22 3320
2000 1 23 3250
2000 1 24 3190
2000 1 25 3190
2000 1 26 3130
2000 1 27 3130
2000 1 28 3060
2000 1 29 3030
2000 1 30 3000
2000 1 31 3000
2000 2 1 2940
2000 2 2 2910
2000 2 3 2880
2000 2 4 2880
2000 2 5 2840
2000 2 6 2840
2000 2 7 2840
2000 2 8 2880
2000 2 9 2910
2000 2 10 2910
2000 2 11 2880
2000 2 12 2810
2000 2 13 2810
2000 2 14 2810
2000 2 15 2810
2000 2 16 2780
2000 2 17 2750
2000 2 18 2810
2000 2 19 2840
2000 2 20 2810
2000 2 21 2880
2000 2 22 2910
2000 2 23 2880
2000 2 24 2880
2000 2 25 2840
2000 2 26 2720
2000 2 27 2600
2000 2 28 2510
2000 2 29 2000
2000 3 1 1950
2000 3 2 2340
2000 3 3 2250
2000 3 4 2170
2000 3 5 2110
2000 3 6 2060
2000 3 7 2030
2000 3 8 2010
2000 3 9 1980
2000 3 10 1950
2000 3 11 2010
2000 3 12 1980
2000 3 13 1980
2000 3 14 2030
2000 3 15 2060
2000 3 16 2010
2000 3 17 1950
2000 3 18 1900
2000 3 19 1870
2000 3 20 1870
2000 3 21 1840
2000 3 22 1820
2000 3 23 1820
2000 3 24 1790
2000 3 25 1770
2000 3 26 1770
2000 3 27 1790
2000 3 28 1790
2000 3 29 1870
2000 3 30 1900
2000 3 31 1900
2000 4 1 1950
2000 4 2 2060
2000 4 3 2140
2000 4 4 2200
2000 4 5 2230
2000 4 6 2310
2000 4 7 2510
2000 4 8 2600
2000 4 9 2690
2000 4 10 2810
2000 4 11 2940
2000 4 12 3060
2000 4 13 3190
2000 4 14 3250
2000 4 15 3350
2000 4 16 3250
2000 4 17 3190
2000 4 18 3060
2000 4 19 2940
2000 4 20 2780
2000 4 21 2690
2000 4 22 2660
2000 4 23 2570
2000 4 24 2540
2000 4 25 2600
2000 4 26 2570
2000 4 27 2540
2000 4 28 2570
2000 4 29 2630
2000 4 30 2690
2000 5 1 2750
2000 5 2 2750
2000 5 3 2750
2000 5 4 2780
2000 5 5 2750
2000 5 6 2750
2000 5 7 2750
2000 5 8 2840
2000 5 9 2970
2000 5 10 2810
2000 5 11 2690
2000 5 12 2570
2000 5 13 2450
2000 5 14 2400
2000 5 15 2400
2000 5 16 2510
2000 5 17 2720
2000 5 18 2810
2000 5 19 3380
2000 5 20 3780
2000 5 21 4120
2000 5 22 4160
2000 5 23 4120
2000 5 24 4120
2000 5 25 4410
2000 5 26 4700
2000 5 27 5140
2000 5 28 5600
2000 5 29 5520
2000 5 30 5680
2000 5 31 5840
2000 6 1 6070
2000 6 2 6230
2000 6 3 6310
2000 6 4 6680
2000 6 5 7230
2000 6 6 8180
2000 6 7 9270
2000 6 8 10000
2000 6 9 11200
2000 6 10 12200
2000 6 11 13100
2000 6 12 14200
2000 6 13 16000
2000 6 14 17600
2000 6 15 18000
2000 6 16 18200
2000 6 17 17800
2000 6 18 17600
2000 6 19 18100
2000 6 20 19300
2000 6 21 20600
2000 6 22 23200
2000 6 23 25900
2000 6 24 25300
2000 6 25 23500
2000 6 26 21900
2000 6 27 21200
2000 6 28 21300
2000 6 29 22500
2000 6 30 24200
2000 7 1 25100
2000 7 2 24500
2000 7 3 23800
2000 7 4 23100
2000 7 5 22700
2000 7 6 22300
2000 7 7 22300
2000 7 8 22400
2000 7 9 22600
2000 7 10 25300
2000 7 11 32300
2000 7 12 38700
2000 7 13 41300
2000 7 14 39500
2000 7 15 36900
2000 7 16 35100
2000 7 17 33700
2000 7 18 34300
2000 7 19 36300
2000 7 20 42000
2000 7 21 45500
2000 7 22 46900
2000 7 23 45800
2000 7 24 44800
2000 7 25 43200
2000 7 26 41100
2000 7 27 38900
2000 7 28 37800
2000 7 29 38000
2000 7 30 38300
2000 7 31 39700
2000 8 1 42600
2000 8 2 46300
2000 8 3 49500
2000 8 4 53600
2000 8 5 56200
2000 8 6 55700
2000 8 7 53200
2000 8 8 50400
2000 8 9 48100
2000 8 10 45900
2000 8 11 43900
2000 8 12 42200
2000 8 13 40400
2000 8 14 38600
2000 8 15 36800
2000 8 16 35900
2000 8 17 35600
2000 8 18 35600
2000 8 19 35400
2000 8 20 35700
2000 8 21 36200
2000 8 22 36000
2000 8 23 35700
2000 8 24 36800
2000 8 25 38100
2000 8 26 38900
2000 8 27 39200
2000 8 28 40000
2000 8 29 39800
2000 8 30 41800
2000 8 31 43800
2000 9 1 44700
2000 9 2 44700
2000 9 3 45300
2000 9 4 46000
2000 9 5 44900
2000 9 6 48500
2000 9 7 53100
2000 9 8 52700
2000 9 9 51500
2000 9 10 52000
2000 9 11 52000
2000 9 12 51500
2000 9 13 48700
2000 9 14 45600
2000 9 15 42400
2000 9 16 40300
2000 9 17 42000
2000 9 18 44300
2000 9 19 44300
2000 9 20 42800
2000 9 21 41200
2000 9 22 40300
2000 9 23 39300
2000 9 24 39800
2000 9 25 40600
2000 9 26 39000
2000 9 27 39800
2000 9 28 42000
2000 9 29 40900
2000 9 30 37800
2000 10 1 34000
2000 10 2 31900
2000 10 3 30700
2000 10 4 29900
2000 10 5 29800
2000 10 6 29100
2000 10 7 27900
2000 10 8 26700
2000 10 9 25500
2000 10 10 24800
2000 10 11 23800
2000 10 12 23800
2000 10 13 25000
2000 10 14 23700
2000 10 15 22400
2000 10 16 21400
2000 10 17 20700
2000 10 18 20000
2000 10 19 19500
2000 10 20 19000
2000 10 21 17800
2000 10 22 17200
2000 10 23 17300
2000 10 24 16900
2000 10 25 15700
2000 10 26 15000
2000 10 27 14300
2000 10 28 13600
2000 10 29 13400
2000 10 30 13200
2000 10 31 12500
2000 11 1 11700
2000 11 2 11300
2000 11 3 11400
2000 11 4 10600
2000 11 5 10300
2000 11 6 9920
2000 11 7 9550
2000 11 8 9730
2000 11 9 8900
2000 11 10 8540
2000 11 11 8270
2000 11 12 8140
2000 11 13 7870
2000 11 14 7740
2000 11 15 7570
2000 11 16 7440
2000 11 17 7310
2000 11 18 7230
2000 11 19 7140
2000 11 20 7060
2000 11 21 6970
2000 11 22 6930
2000 11 23 6850
2000 11 24 6760
2000 11 25 7020
2000 11 26 7020
2000 11 27 6760
2000 11 28 6480
2000 11 29 6310
2000 11 30 6230
2000 12 1 6150
2000 12 2 6110
2000 12 3 6070
2000 12 4 6030
2000 12 5 5990
2000 12 6 5910
2000 12 7 5840
2000 12 8 5840
2000 12 9 6030
2000 12 10 6030
2000 12 11 6070
2000 12 12 6150
2000 12 13 6310
2000 12 14 6440
2000 12 15 6400
2000 12 16 6230
2000 12 17 6070
2000 12 18 5910
2000 12 19 5840
2000 12 20 5840
2000 12 21 5950
2000 12 22 6190
2000 12 23 6230
2000 12 24 6150
2000 12 25 6150
2000 12 26 6030
2000 12 27 5840
2000 12 28 5520
2000 12 29 5330
2000 12 30 5220
2000 12 31 5100